# 10 nonzeros per row
# size   map->map  map->flatmap  mat->csr     flatmap->map  flatmap->flatmap  flatmap->csr      csr->map  csr->flatmap  csr->csr
1000    0.001106     0.000343     0.000269          0.001218     0.000324     0.000135          0.001192     0.000281     7.8e-05     
3200    0.004407     0.001199     0.000907          0.003796     0.000889     0.000613          0.003719     0.000801     0.000537     
10000    0.015025     0.004232     0.003151          0.013083     0.003238     0.002205          0.012808     0.002931     0.002026     
32000    0.075016     0.024044     0.014821          0.052896     0.012238     0.007917          0.049178     0.010284     0.007169     
100000    0.339564     0.092966     0.089687          0.222044     0.05707     0.051597          0.203582     0.045269     0.023695     
320000    1.38637     0.379813     0.370237          1.11769     0.265812     0.255967          1.05817     0.23895     0.217034     
1000000    6.76469     1.55021     2.10439          6.0653     1.46218     1.76466          5.36126     1.45618     1.64941     

